Relation,AUROC,AUPRC,AP@50
C0005779,0.9702237570100491,0.9591151612397596,0.9678450282984528
C0011991,0.9617479969586296,0.9491227931070725,1.0
C0011860,0.9760143881265549,0.9649126628456997,0.939015893233411
C0038395,0.9646050449045407,0.9580646243573735,1.0
C1145670,0.9590763677512115,0.9453683086164748,1.0
C0012833,0.9610223283920615,0.9503660487296272,1.0
C0520474,0.9655915576694412,0.9516230812946301,0.9053842833552266
C0021400,0.9728719008264463,0.9674650914430521,1.0
C0024902,0.9812818986588316,0.978282941183146,1.0
C0043144,0.969772767059977,0.960472542444368,0.9705607971421415
C0085682,0.9642397832411443,0.9613432906254509,1.0
C0020676,0.975114264791293,0.9686597407522212,1.0
C0151825,0.9757723922902494,0.9736069595031879,1.0
C0013604,0.9566264186711089,0.9406293650951191,0.9543711747739683
C0042571,0.9673980883006738,0.9560188364781171,0.9655350567884813
C0009782,0.9739691795085381,0.9687517803113951,0.9729515216137484
C0008325,0.9702076847035781,0.9587019892232849,0.9609706863762847
C0013144,0.9630417386089888,0.9520836883824167,1.0
C0013362,0.9663333569431998,0.9589096465261386,1.0
C0031046,0.9717231187840121,0.9668290722563351,0.9760745588901876
C0043246,0.975980050376568,0.9726566403337034,1.0
C0151908,0.9658513608094335,0.9585352400632189,1.0
C0231807,0.9719866237331419,0.9571461284356937,0.9160428330759802
C0026946,0.9709507681817928,0.9647685053303663,1.0
C0162297,0.9644838274080124,0.9574827033031783,0.9678450282984528
C0235946,0.959949055513734,0.9407003338282368,0.9178959862757315
C0030554,0.9606956873744018,0.9497034349214625,1.0
C0040034,0.9529256097711821,0.9401290788828248,1.0
C0032285,0.9673802148670406,0.9595625237800156,1.0
C0151723,0.9762574270280613,0.9720312260488851,1.0
C0036983,0.969475530510475,0.96319647479124,1.0
C0025286,0.9783601168736303,0.9807137255903113,1.0
C0027121,0.9691052994377496,0.9584974839292105,0.9795999999999999
C0027022,0.9641272189349112,0.9598280505840271,0.8748453452786308
C0013384,0.9549244741516497,0.9359935971327373,0.9717918577482021
C0016436,0.9704823105712873,0.9629775133673688,0.9647017234551478
C0004610,0.9733447424772749,0.9663931924980629,0.9619706863762846
C0003873,0.9747912695642836,0.9716445746851229,1.0
C0575090,0.9647798908643992,0.9562929243276534,0.9770158656454478
C0442874,0.964001719622369,0.9545289592509127,1.0
C0678222,0.9724180597838665,0.9650564327235146,1.0
C0700594,0.9753530853196704,0.9701906396332477,1.0
C0011849,0.9673927554289783,0.9572162295439915,0.9791918367346938
C0024141,0.9656132420898462,0.9606727542147907,1.0
C0042029,0.9682437484689408,0.9590323411855759,1.0
C0027497,0.9598418435137102,0.9511016866877395,1.0
C0262385,0.9606774469618485,0.9593921594229871,1.0
C0002622,0.9660017101755445,0.9580098295545636,1.0
C0917801,0.9616526848273478,0.9523111681202084,1.0
C0020615,0.957820680311608,0.9431582905526175,1.0
C0011168,0.9712501104687691,0.9637433295035468,0.9783496381531335
C0008033,0.9651612106972117,0.958350584306841,1.0
C0011615,0.9479762474042722,0.9264541253297224,1.0
C0042487,0.958888681982451,0.9430175247513912,0.976550749366378
C0017152,0.9703782042337135,0.9648204628602051,1.0
C0009806,0.969046462122264,0.962983012756682,1.0
C0036689,0.9909461294703485,0.9901985563348348,1.0
C0026650,0.9652987929379315,0.9541261301455454,0.9729515216137484
C0042909,0.9839380196523053,0.9820357158729514,0.9770158656454478
C0038362,0.9687596231908401,0.9600854918385386,1.0
C0029408,0.9670882962388753,0.9578538340369086,0.9711857971421415
C0037315,0.9742339511296401,0.9637716006295557,0.9717918577482021
C0033687,0.9644274274633726,0.9524933425404247,1.0
C0012569,0.9661313868613138,0.9544169656350927,0.9563804730979908
C0035309,0.9581553828560759,0.9543326635171476,0.9587833333333333
C0016977,0.9673669134459281,0.9550108982265841,0.9356825599000778
C0013473,0.9764453398968712,0.9736398073781605,1.0
C0004144,0.9718145120050191,0.9604108687447482,0.946595258312776
C0018681,0.9605344666303636,0.947831689607802,1.0
C0008350,0.9672622839383894,0.9593233488083119,1.0
C0027051,0.9640259347219053,0.9573776806849937,1.0
C0030794,0.9773356401384082,0.9733127580158623,1.0
C0004238,0.965596424763653,0.9521981511270712,0.9729515216137484
C0005697,0.9756025519848772,0.9734185300091343,1.0
C0011606,0.9554017685505575,0.9440715386234321,0.941757114792296
C0020517,0.9527581572249706,0.9379303205189068,1.0
C0011175,0.9625007538170555,0.9476697980915847,0.9488574725865131
C0030193,0.9678279441886521,0.9596175277580825,1.0
C0152031,0.9698506087778148,0.9608196382271209,0.9791918367346938
C0004604,0.9691096459283357,0.9620087195808198,1.0
C0030196,0.9638885850109757,0.9505110685463064,1.0
C0039239,0.9716651497117785,0.9644727845483898,1.0
C0018808,0.9685797104271066,0.9617172289074599,1.0
C0018524,0.9629181169553634,0.9526905378184358,1.0
C0039070,0.957132376617197,0.9443539708168276,0.9745739334993182
C0019079,0.9644729296677349,0.9558908532720785,1.0
C0031039,0.970454698761422,0.9635881632049444,1.0
C0035854,0.9809490912955681,0.9804080894138144,1.0
C0011882,0.9755133956129882,0.972836951684622,1.0
C0000731,0.971111687663258,0.9649396089665194,1.0
C0009676,0.9624415873372087,0.9472416105958691,1.0
C0005758,0.9560345915919706,0.935663026163079,0.8952683289392721
C0043117,0.9640418752844789,0.9563642742145035,0.9588069436862261
C0344232,0.9668177554008524,0.9563705335558483,1.0
C0018944,0.9667596134227936,0.9603264373706313,1.0
C0019360,0.9732636017249527,0.9648134033565356,1.0
C0221245,0.9751724137931035,0.9684868781491772,0.9770158656454478
C0025345,0.9725538210386695,0.97103963424341,0.98
C0003850,0.9742887806109858,0.967796761701257,1.0
C0011848,0.9684573361082206,0.9653109829765631,0.9760745588901876
C0004096,0.9692630054897544,0.9570801180642957,0.9576304730979908
C0000833,0.9701501601809818,0.962535357624096,0.973507077169304
C0030446,0.9678316796231848,0.9570838449314618,0.9685593140127385
C0036974,0.9608666231439389,0.9495409015208504,1.0
C0026764,0.975332358381444,0.9727998533481954,1.0
C0003123,0.9578124754169586,0.9442055404835126,1.0
C0034212,0.9690191272843518,0.9617253505491363,1.0
C0037199,0.9768226785169942,0.9715420329018303,1.0
C0575081,0.9644796637515134,0.9544798563806175,1.0
C0162283,0.9705052405267401,0.9725085907229524,1.0
C0152025,0.9742070993488763,0.9665642128598765,1.0
C0020456,0.9629797861228211,0.9499728496213441,1.0
C0033860,0.9763349351660447,0.9718477240407992,1.0
C0162429,0.965906943059093,0.9501631973623407,0.9384979383703054
C0002871,0.9610288728474281,0.9481527398545073,1.0
C0006277,0.9759523322361513,0.9726716023744193,1.0
C0263912,0.9853614221943771,0.9812960145915703,1.0
C0042510,0.9529865640697105,0.9357162487463074,0.9167709544448175
C0010200,0.9652230577245624,0.9549525733459476,1.0
C0009421,0.962595461154427,0.948371071730988,0.9259420004747082
C0243026,0.9625691715133411,0.9539000483421489,1.0
C0027651,0.9702447385204082,0.9652678706659484,0.9779148555444378
C0019158,0.956524296306415,0.947766126383658,1.0
C0035455,0.9781441988560131,0.9724063244880735,0.9705607971421415
C0242422,0.9605220696331886,0.9535673225771599,0.976550749366378
C0022104,0.9776166568747886,0.9740748188311976,1.0
C0151766,0.9588883264958176,0.9406884538406647,0.9243207394916826
C0015469,0.9699405083272915,0.9583229190653635,0.9755867540121388
C0027343,0.9761630142252979,0.97347567378788,0.98
C1260880,0.9725321849356983,0.9655090995477881,1.0
C0020542,0.9662593705536325,0.9558004292926496,0.9791918367346938
C0042024,0.969160628597572,0.9569820739439107,1.0
C0011616,0.9813531237601811,0.9788931954012539,1.0
C0040822,0.9610578042132112,0.9538779508712033,1.0
C0267596,0.9665597752692675,0.9575975011962766,0.9638321582377566
C0013404,0.9586719356490427,0.9458810650440006,0.969915635851819
C0039240,0.9745162204643252,0.9650523002548133,0.9266825599000776
C0005745,0.963126327335527,0.9536385811164747,0.9609706863762847
C0149931,0.9721114249020616,0.9643770303404792,1.0
C0242184,0.9645136335185741,0.953526735317847,0.9783496381531335
C0085593,0.9625330247933883,0.9506079147074649,1.0
C0024437,0.9811956909075957,0.9824572629126953,1.0
C0178415,0.9624030183866511,0.9547322538388435,0.9638321582377566
C0009376,0.9728248076052513,0.9649447662892161,1.0
C0017601,0.974723500346004,0.9673877492048393,0.9774704110999933
C0080274,0.9717045089420144,0.9640425098823411,0.9418730360905537
C0013428,0.97067232185075,0.963357574023612,1.0
C0027769,0.9696911513815523,0.9596135446269335,1.0
C0017181,0.9644580466446251,0.9554247552727605,0.9729515216137484
C0029927,0.9780532598714416,0.9685666616326939,0.9520549154238364
C0029443,0.9726462203449315,0.9654861205272796,1.0
C0221776,0.9759455106194359,0.9676708230642418,1.0
C0010692,0.9632231883867373,0.9501131689059824,0.9787751700680271
C0423798,0.9759567717628396,0.9697785043418504,1.0
C0009938,0.9723174611709337,0.9619039528123776,0.9779148555444378
C0013295,0.963182117028271,0.9535723635938609,1.0
C0151786,0.9593134856411608,0.9495248452658924,1.0
C0013182,0.9652286963985681,0.9569287175588006,0.9740476177098445
C0039503,0.9799338374291116,0.9775019652857792,1.0
C0043096,0.9627130031062349,0.9546776714113975,1.0
C0037299,0.9677596879430126,0.9593114696830272,1.0
C0024103,0.9809580649520292,0.9751792468293881,0.9564745588901876
C0031350,0.9813677133336269,0.9738979412249698,1.0
C0016053,0.9818757306833883,0.9785875469921521,1.0
C0039231,0.961333947080205,0.952382913518579,1.0
C0007787,0.9697675900654422,0.9609797244004813,1.0
C0018418,0.9551770596633755,0.9400485455356677,0.9576304730979908
C0020649,0.9617482449201215,0.951871434744471,1.0
C0035222,0.965564328355596,0.9586360334960586,1.0
C0033036,0.9673730030027701,0.95665844699741,0.9619706863762846
C0398353,0.9660253700857356,0.9600221449868159,1.0
C0023646,0.9656509695290859,0.9706068164122391,1.0
C0018802,0.9659852038553992,0.9556338329234667,0.9774704110999933
C0149521,0.9687564387262197,0.9577144758020043,0.9571155575273589
C0024299,0.9733165760404912,0.9682622664678248,1.0
C1442903,0.9711364081952749,0.9603382638690448,0.9485952583127761
C0085615,0.9683602039231923,0.9507753229339571,0.9266825599000776
C0011609,0.9665417941605421,0.9450254829029507,0.8824138115876748
C0019348,0.9624169126547601,0.9491069378628585,0.9663350567884812
C0027404,0.9664072438859856,0.9548783201786606,1.0
C0036454,0.9786467712889116,0.9767094469469142,1.0
C0020557,0.9847863247863248,0.9828289969010167,1.0
C0700200,0.9808587945910175,0.979831453929628,1.0
C0042963,0.9515133092729661,0.9340219360308812,1.0
C0025297,0.9834852688598229,0.9827006930449064,1.0
C0025290,0.9730541352162974,0.9719626164999529,0.9787751700680271
C0008031,0.9634026223043434,0.952574534848336,1.0
C1253936,0.9758229705972484,0.9748670999010829,1.0
C0016382,0.9633880014989925,0.949477030182398,1.0
C0037763,0.9707231479765899,0.9660524385365385,1.0
C0032227,0.9655085606246282,0.955435887670653,1.0
C0039103,0.9628130907372401,0.9562713892310173,0.9740476177098445
C0022346,0.9558039634508129,0.9406619715463591,0.9485952583127761
C0023798,0.9704380542864822,0.9610783627800301,1.0
C0038454,0.96417124778694,0.9523145379046082,1.0
C0012813,0.9724169289671039,0.9630209593400456,1.0
C0152030,0.9795753829615695,0.9792122409705911,1.0
C0023890,0.969374658081892,0.9586158667706837,0.9692489691851524
C0020538,0.9626313020455588,0.952906623034593,1.0
C0035078,0.9596265502085608,0.9475383579867837,1.0
C0004093,0.9647396267180341,0.9556800725282983,1.0
C0022116,0.9667371105660707,0.9588460838863069,0.9791918367346938
C0220982,0.9633970909478395,0.9576662134234946,0.9783496381531335
C0042134,0.9581258488003621,0.9536274094807617,0.9540317312908962
C0015967,0.9547563983138947,0.9383901569984058,1.0
C0231528,0.9619363300676748,0.9531129297861832,1.0
C0013456,0.9782980149369112,0.9760634633289805,1.0
C0000737,0.9665174554051469,0.9578082901555989,1.0
C0028081,0.9719609988109394,0.9681742975092438,1.0
C0032302,0.9741563786008232,0.9730114574769191,1.0
C0038663,0.9730407469110093,0.9705672582924022,1.0
C0019209,0.964185982696281,0.9512969347856384,0.925339978001407
C0043094,0.9716756785527122,0.9662510660752762,1.0
C0022660,0.9601499057269884,0.9496230208101215,1.0
C0021311,0.9640261719946303,0.9529876136686531,1.0
C0036572,0.954863536270363,0.9400129084636462,1.0
C0149514,0.9776853873700759,0.9748792030787011,1.0
C0018824,0.9661636335462543,0.9611058237488516,1.0
C0428977,0.9629602533489137,0.9523649386598119,1.0
C0027339,0.9692055393586007,0.953409847484005,0.9418730360905537
C0026848,0.9656736374464583,0.9566932583653232,0.9723800930423198
C0002170,0.9678073268794501,0.9609654398931966,1.0
C0009241,0.9630028454329497,0.950224331801713,0.9760745588901876
C0014549,0.9669825772241393,0.9574973115675203,0.9760745588901876
C0151904,0.949842100126413,0.9319502940933602,0.9497614991250626
C0085649,0.9671166003977582,0.9604094187844827,1.0
C0020540,0.9757244809688581,0.9758007891708408,1.0
C0027962,0.9828218095452592,0.9825567017189749,1.0
C0004245,0.9728066543716363,0.9726896626320629,1.0
C0020437,0.9700949388702956,0.9647228982118791,1.0
C0006112,0.9672727272727273,0.9609111890873665,1.0
C0010709,0.973994822989646,0.9671538520812675,1.0
C0151966,0.96736,0.9660770965796479,1.0
C0020625,0.9602428152367303,0.948419768534224,1.0
C0018800,0.969658362115587,0.9642283464122047,1.0
C0851578,0.971787676176407,0.9654588715253126,1.0
C0497156,0.9682893632844531,0.9605616078789857,1.0
C0032231,0.9684478902898513,0.9619221320356347,1.0
C0018799,0.9668845329268404,0.9593117772607666,1.0
C0019112,0.9735237866548521,0.9693621825321959,1.0
C0024115,0.965258974582933,0.9568640329660936,1.0
C0015672,0.9653672871998797,0.9569000343423377,1.0
C0031256,0.9591832964921895,0.9495195399925137,1.0
C0027947,0.9583647959227957,0.9462018053874685,1.0
C0262431,0.9663944352551985,0.9498887762211067,0.9291916545243621
C0151827,0.963442362480824,0.9479611635602568,1.0
C0008035,0.9732226472595673,0.9689899987313184,1.0
C0231218,0.9544938074685682,0.9371086197319667,1.0
C0026858,0.966375682097358,0.95074701324104,1.0
C0033774,0.952363237447058,0.9340350424009495,0.9760745588901876
C0158252,0.9845093856082867,0.9829832295038032,1.0
C0023067,0.9815004627372149,0.9808604824200792,1.0
C0010054,0.9701340970798455,0.9615491167302062,1.0
C0007642,0.9728978588326779,0.9624682826913189,0.946595258312776
C0259768,0.9737111111111111,0.9707190560890603,1.0
C0037998,0.9602366863905325,0.9555237171643682,0.9356115839441117
C0006118,0.966865657827757,0.9575617610780653,0.9485674772780448
C0019080,0.9549995629861778,0.9378807058090914,1.0
C0017672,0.9710219570094896,0.9603946174186742,0.9783496381531335
C0036421,0.9470161061300661,0.9386314541756815,0.9692489691851524
C0004239,0.9613610561128509,0.9556683672082871,1.0
C0042594,0.972343588126661,0.9724147807460574,1.0
C0018939,0.9666601202667191,0.958031852516958,0.9711857971421415
C0020458,0.9602382945365646,0.9464392500354644,1.0
C0020621,0.9643995243463471,0.9562085181953734,0.9770158656454478
C0001339,0.9681160500200922,0.9583634547798557,0.9485952583127761
C0000786,0.9600018017206432,0.9599512819074358,1.0
C0020443,0.9707510451639979,0.9621836668582074,0.9550471397646575
C0221264,0.9674056986629074,0.9616581282956718,1.0
C0080179,0.9683354294291857,0.9604953297026386,1.0
C0031117,0.9704867397520258,0.9647015164120947,0.9723800930423198
C0435630,0.9713835947602182,0.9718212934590886,1.0
C0018932,0.9686491266225591,0.9601766428399939,1.0
C0522224,0.9576184227710028,0.9505786351145528,0.9745739334993182
C0003467,0.9692094501338551,0.9622252680945936,1.0
C0008301,0.9753648985404059,0.9750531407929768,1.0
C0038999,0.9710991527444628,0.9612782430252585,1.0
C0027719,0.9602382178310511,0.94795437412733,0.9692489691851524
C0006325,0.9778416831431838,0.974558566047669,1.0
C0014742,0.955583938276271,0.945334419028975,0.9795999999999999
C0006840,0.9672659220396503,0.9560676661947146,0.9485952583127761
C0006386,0.9727589782260344,0.9674634986579882,0.9717918577482021
C0019291,0.9698787587427962,0.9620921708209705,0.9418730360905537
C0003537,0.9693100477719476,0.9634773476793602,0.9791918367346938
C0242429,0.9695130367039727,0.9563661440875708,0.9609706863762847
C0311394,0.9646157509039256,0.954759491546169,1.0
C0014457,0.9420161069474484,0.9095528745091398,0.8441234016683956
C0030305,0.9594219578150353,0.94436476588749,0.9266825599000776
C0034065,0.958990889260976,0.9487310356897434,1.0
C0878544,0.9685066495753885,0.962951369743359,1.0
C0009763,0.9595633785725308,0.9463544388029045,0.9770158656454478
C0008767,0.9761823658073076,0.9685136633219936,0.9563804730979908
C0017565,0.9652146993224465,0.9528110816236057,0.9563804730979908
C1269683,0.9795955335909631,0.9741368501701446,0.9550471397646575
C0028084,0.9699905482041589,0.9629166030347605,1.0
C1510472,0.9832756850641272,0.9801088355008486,1.0
C0242379,0.968816138923251,0.9620341864947537,1.0
C1384666,0.9711132111533479,0.9635959719964102,0.9791918367346938
C0040213,0.9733593242365173,0.9697382168645946,1.0
C0277925,0.9517857675964534,0.929133176324129,0.8994789220752498
C0006625,0.9698368728839643,0.9616392872884247,1.0
C0024110,0.974537037037037,0.9723732125047335,0.9711857971421415
C0028738,0.972577288941736,0.9710140758582022,1.0
C0002874,0.9510201154577074,0.928127774281475,0.9148832618829988
C0014724,0.9771694806866595,0.9732719687171889,1.0
C0016059,0.9781450872359962,0.9701646451797897,0.9750867540121387
C0159877,0.980368604109147,0.9733399752318375,0.9678450282984528
C0006266,0.9738162570888468,0.9698837431502878,1.0
C0022661,0.9667066798053092,0.9566293217005041,0.9755867540121388
C0595939,0.9464882943143813,0.9229852013556369,0.9063513468603103
C0020505,0.9745011277354039,0.9648132455574981,0.9655350567884813
C0003578,0.9601376770991756,0.9454476468950689,0.9443730360905538
C0014591,0.9561301542675894,0.9337847422182848,0.8927502203074091
C0022893,0.9777734374999999,0.9732388540622995,0.9795999999999999
C0014868,0.9685795335781899,0.9617712615411909,1.0
C0009917,0.9729283947075908,0.9675598146205453,0.9685593140127385
C0042109,0.958408279416897,0.9494451197758926,1.0
C0149801,0.9749478213816383,0.970378163938374,1.0
C0004134,0.9757871573724006,0.9702373740572304,0.9729515216137484
C0011334,0.9739710293127473,0.9727200675741501,1.0
C0456909,0.9531224317882971,0.9403586181939289,1.0
C0042769,0.9698029616768865,0.9652968109300891,1.0
C0036337,0.9822000711997152,0.9738103248002401,0.9619706863762846
C0022658,0.95991799399962,0.9466233087317918,1.0
C0030552,0.9708014938236139,0.9668535625171943,1.0
C0341047,0.9818749999999999,0.9790350721296633,0.9745739334993182
C0750426,0.958061879418482,0.9439363623213215,0.9591751700680271
C0235527,0.9635568513119532,0.9467426763069307,0.9004158932334111
C0040435,0.9806625043357613,0.9768722813902979,1.0
C0003507,0.9775661892361112,0.970303465757031,1.0
C0016204,0.971653083868993,0.9609466376146636,0.9740476177098445
C0010043,0.9656454491374182,0.9674256155613102,1.0
C0085648,0.9670326720180408,0.9582426546891984,1.0
C0030252,0.9582814973017296,0.9400984198368433,0.9638321582377566
C0020672,0.9614820222932239,0.9513075008149748,0.9536185683360862
C0027796,0.9730483271375465,0.9660694499085617,1.0
C0011053,0.9739308389047061,0.9613798872768525,0.9520801067976246
C0221150,0.9658111111111112,0.9598171232932684,1.0
C0028734,0.9742228373702422,0.966432047425045,0.9536185683360862
C0037011,0.9663811734571359,0.9599460911233295,1.0
C0032533,0.9780300994356356,0.9722247655246588,0.976550749366378
C0149726,0.9657960686036495,0.9586354190942085,0.9755867540121388
C0041582,0.9648386103412558,0.9501195023067874,0.9178688580398011
C0206504,0.9818666666666668,0.9878263941179523,1.0
C0018674,0.9674877580282987,0.9566332082427909,1.0
C0497247,0.958486329288125,0.9456696247897712,1.0
C0149871,0.9649721247218785,0.9515782256625723,1.0
C0025322,0.9852941176470589,0.9841570878723093,1.0
C0041834,0.9653714316608997,0.9582959723521313,1.0
C0000768,0.9556750719324019,0.9469912360335897,1.0
C0020488,0.9685914256377697,0.9619692402235113,1.0
C0016663,0.9695558551145813,0.9664962367757279,1.0
C0242362,0.9720689897319059,0.9660804015352604,0.969915635851819
C0221706,0.983184113865932,0.981161845074971,1.0
C0013491,0.9593748937183281,0.945536224984682,1.0
C0016167,0.9621360650916577,0.9509417392941352,0.9312442861033097
C0018099,0.9725396106835672,0.9672273407963918,1.0
C0041909,0.9735596186842739,0.9677462873067886,1.0
C0005001,0.9763150954949962,0.9678939613554954,0.9599180547973373
C0085619,0.9786540655043181,0.9717980338607806,0.9723800930423198
C0003504,0.9675318877551019,0.955495939487814,0.9443730360905538
C0086543,0.9669938719207897,0.9521712978185309,0.9755867540121388
C0017658,0.9790222015034089,0.9754846254045327,0.9795999999999999
C0085631,0.9556764530847054,0.9435334957895011,0.9795999999999999
C0014544,0.9582282996432818,0.9504450580760607,1.0
C0017675,0.9607577251808022,0.9519342539588053,0.9427719193703301
C0003811,0.9612137283688326,0.9477980547477618,1.0
C0008320,0.9697596500155299,0.9603545276178639,1.0
C0085610,0.9746000397515213,0.9697442530379514,1.0
C0005961,0.9747404615486346,0.9709698923964319,0.9783496381531335
C0035522,0.9672018511925952,0.9612018766579684,1.0
C0085096,0.9761119986232131,0.9709635600045925,1.0
C0020040,0.9743868695337488,0.9672392477059102,0.976550749366378
C0017979,0.9635434007134365,0.9528172970928036,0.9750867540121387
C0032300,0.9724611033608392,0.96313596051509,1.0
C0014863,0.9723517740730243,0.9652875277521598,0.9783496381531335
C0019196,0.9723411069380149,0.9682837626311581,1.0
C0264545,0.9634256055363322,0.9393626046283163,0.8816633439140094
C0085605,0.9573844673371307,0.9436179067072555,0.973507077169304
C0018790,0.9558358109675329,0.9391571916802125,0.9443730360905538
C0015230,0.9484411908239831,0.9300482714963586,0.9536185683360862
C0036439,0.9706049149338375,0.9572803597462861,0.9365125205972902
C0013922,0.9727231612866754,0.9641746473770438,0.9711857971421415
C0017168,0.9733227351521536,0.9663807403506328,1.0
C0018989,0.965538392524049,0.9540440917363435,0.939015893233411
C0006444,0.9866702499328137,0.9862378468080902,1.0
C0043352,0.963095498943525,0.9461626727840591,1.0
C0033975,0.9716398159501755,0.9673576151737514,0.9791918367346938
C0020651,0.9716798241930517,0.9624415241478361,0.939015893233411
C0020541,0.9731172839506174,0.9662274494455888,0.9745739334993182
C0014118,0.9772831632653063,0.974329077509206,0.9787751700680271
C0023467,0.9718917132383871,0.9658455889658667,0.9787751700680271
C0003962,0.9642610899747521,0.9556686880572204,1.0
C0151699,0.9712326745293778,0.9650975767299208,0.973507077169304
C0010823,0.974197022663174,0.9714466364281589,1.0
C0032584,0.9677134354268709,0.9551903805296817,0.9283383966854971
C0007117,0.9741621867554268,0.9737016096495418,1.0
C0027424,0.9715952829151222,0.9635013264204966,0.9723800930423198
C0002792,0.9611577133007757,0.9445227560236064,0.9647017234551478
C0018817,0.980849852492107,0.9796108851355674,1.0
C0024117,0.9712653783122304,0.9597854037751749,0.969915635851819
C0034063,0.96094659952315,0.94691293634165,1.0
C0158328,0.9877956400976349,0.9864950211531095,1.0
C0040264,0.9639939624242891,0.9509518268574628,0.9723800930423198
C0001122,0.9552653238789477,0.9416126288998627,1.0
C0015695,0.9619361052932643,0.9491862629278123,1.0
C0220981,0.958969683822969,0.9456166491528873,0.9609706863762847
C0026769,0.9765409779614325,0.9678617812590344,1.0
C0029442,0.9831295946229783,0.982251230195293,1.0
C0266813,0.9793185505678744,0.9782512443605902,1.0
C0038814,0.9617403645566157,0.9534868841203418,1.0
C0149745,0.9652169768930162,0.9599854084049857,1.0
C0027441,0.96009058843838,0.9474193181776225,0.9588069436862261
C0149925,0.9613171989684586,0.9319980656634846,0.8984933570422201
C0740394,0.9660322834376389,0.9560681523539432,0.9647017234551478
C0005741,0.9867854064923873,0.9866741526525307,1.0
C0037284,0.962766920705432,0.9444456359219979,0.9361173593069677
C0006145,0.9858610613629937,0.9854254916729026,1.0
C0038436,0.9753377935196117,0.9711749841896685,1.0
C0151744,0.9652368457593764,0.9540116524680763,1.0
C0029456,0.9705394860984794,0.9566150199816095,0.9127609461959829
C0007282,0.9793317935621285,0.9771449918557977,1.0
C0342579,0.9624161280393968,0.9561592004045582,1.0
C0006849,0.9715877551020408,0.966153358476565,1.0
C0022603,0.9980169460969893,0.9980167651125188,1.0
C0002103,0.985952919873246,0.9849649085362762,1.0
C0026265,0.9740762562073899,0.9676619437524084,1.0
C0003486,0.9742972053638816,0.9715132610752905,1.0
C0162529,0.9770401816883211,0.9674803131872382,0.9745739334993182
C0014553,0.9776691976236205,0.9758784882374747,1.0
C0917799,0.973532523947427,0.963983299515532,1.0
C1527336,0.9935727788279772,0.9936058258125784,1.0
C0034887,0.9807736455463728,0.9696714504496733,0.9550471397646575
C0018946,0.9622256048710143,0.9522084527685111,0.9705607971421415
C0702166,0.9680816326530612,0.964064444511867,1.0
C0086769,0.9778956099161814,0.9735987349507634,1.0
C0023895,0.9555108113469549,0.945175098356432,0.9692489691851524
C0235329,0.9741607472167202,0.9635225885200476,0.946595258312776
C0020295,0.9615056733698562,0.9530061919974063,1.0
C0438215,0.9683750410913873,0.9570561606125741,0.9531155805706648
C0003864,0.974814453125,0.9633545677287257,0.9431474722631243
C0042485,0.9776340539565564,0.9774993418113772,1.0
C0015732,0.9700539162827173,0.9637837636648375,1.0
C0035317,0.9701239669421488,0.9442297260736158,0.8781115453226351
C0027092,0.9775206611570247,0.9767311061847432,0.9106012239249617
C0870082,0.9753790867923612,0.9688886497831897,1.0
C0007876,0.9361180333056445,0.9114495570900457,0.8863842833552266
C0021141,0.9653085390991624,0.9557085876635933,1.0
C0151480,0.9724687705456937,0.9685073061659641,1.0
C0015403,0.971247442494885,0.9722533822907657,1.0
C0042847,0.9615150129553421,0.9495937556073742,0.9520801067976246
C0024121,0.9716006515775035,0.9626443810497074,1.0
C0836924,0.9699360017874813,0.9567480961995086,0.9356825599000778
C0232492,0.9630709678758413,0.9521541783670475,1.0
C0018188,0.9679409082365062,0.9540344274369764,0.9609706863762847
C0003862,0.9681430114518066,0.9596570673348678,1.0
C0031154,0.9628858346059511,0.9496892459705457,1.0
C0021092,0.972019886692103,0.9636463687263265,0.9647017234551478
C0002962,0.9692103533202948,0.9594117256894007,1.0
C0037672,0.9853775896636221,0.9837100390127722,1.0
C0038358,0.9593502387004774,0.9461257818315312,0.9791918367346938
C0236048,0.97719723183391,0.9772118042359408,1.0
C0020461,0.9634391048532461,0.9497366593602004,0.9443730360905538
C0151706,0.9671910430839002,0.9554464383368281,0.939015893233411
C0151970,0.9692832205084496,0.9596979518970036,0.9522914979311335
C0033953,0.9852446964923336,0.9859389436338424,1.0
C0016169,0.9715976331360947,0.9617096892837678,0.9745739334993182
C0007859,0.9697640174478499,0.9597749099785003,1.0
C0029882,0.9702315687908425,0.9676119995680822,1.0
C0011124,0.9601526479519487,0.9438467316642186,0.9329720963191969
C0014130,0.9784240240009968,0.9741998422524504,1.0
C0024894,0.9682917162108601,0.9617771250979268,0.9629230673286656
C0025061,0.9730725623582765,0.9566310399717612,0.9214920866630298
C0270996,0.9709349030470914,0.9607529135500003,0.9563804730979908
C0004030,0.9742954149390061,0.9748388071998301,1.0
C0035410,0.9634780092236268,0.9559611199380982,1.0
C0005586,0.9841937869822485,0.9807528635111068,0.98
C0030486,0.9682031249999999,0.9625477418396821,0.9755867540121388
C0020440,0.9676866729678639,0.9624602165971672,0.9795999999999999
C0001418,0.9632781892533387,0.9451810851380796,0.920015893233411
C0030920,0.9757415028196922,0.9728051804862484,1.0
C0041657,0.9480610989983007,0.9264159832523573,1.0
C0042345,0.981113456319728,0.979980132463055,1.0
C0031090,0.9874804890738814,0.9837168643548289,0.9774704110999933
C0034072,0.9848348925626895,0.9848492351609232,1.0
C0149512,0.9785796579456605,0.976873077569716,1.0
C0023530,0.9674512874445267,0.9604619316537126,1.0
C0206062,0.9619598858103676,0.9487658886881909,0.9563804730979908
C0015802,0.9726108349070541,0.9685196430452422,1.0
C0004601,0.9880985084156835,0.982431589056278,0.9678450282984528
C0013395,0.9682250719252845,0.958008697976962,1.0
C0549567,0.9469,0.9382002888438419,0.9271800159985879
C0037928,0.9796511627906976,0.9774083250877039,1.0
C0035258,0.9729421371125603,0.9676078188418411,1.0
C0558489,0.9763002077832805,0.9658806072883945,0.9647017234551478
C0152032,0.9841448504725494,0.9823802148187394,1.0
C0007286,0.9760522533886127,0.9655492486445567,0.967104287557712
C0010414,0.9735671057315771,0.9723332685774237,1.0
C0016658,0.9738462061694385,0.9701813475032426,1.0
C0010034,0.9443359375,0.9391470728862228,0.8843551264288688
C0600139,0.9675097393383271,0.9602782407722265,1.0
C0013221,0.9542971455591667,0.935609954934995,0.9425619966310506
C0521620,0.9336911357340721,0.940151841105091,0.9416218108006207
C0085636,0.9735170162317331,0.96975582819028,1.0
C0038450,0.9506081525312295,0.9355479285218261,0.9060158183209482
C0162323,0.9727481993019974,0.9717119039362329,1.0
C0029878,0.972914697542533,0.9694995983392087,1.0
C1136085,0.9848880728762093,0.9803043190753159,0.9723800930423198
C0006852,0.9688116370808679,0.9659389966972529,1.0
C0022408,0.9720619682009644,0.9624283372718123,1.0
C0085584,0.9598164076928557,0.945214610733631,0.929291457450481
C0020598,0.9664374752671151,0.9515044543306017,0.9520801067976246
C0014534,0.9865625,0.984301300220047,0.976550749366378
C0011127,0.9752838618650901,0.9682835086060089,1.0
C0032290,0.9694894689808996,0.9636528251489878,1.0
C0006144,0.9702998846597464,0.9618504003491462,0.9482450282984529
C0002940,0.9786011824778285,0.9730846803568964,1.0
C0030319,0.9811692307692308,0.9820472674712716,1.0
C0002994,0.9586948666170688,0.9413312868451599,0.9356825599000778
C0018784,0.9375656374711195,0.9179298175328957,0.917196494799059
C0004153,0.9767630251212919,0.9734082439925384,1.0
C0007785,0.9560833804546978,0.940186216189806,0.9705607971421415
C0019693,0.9641666666666666,0.9640736424601153,0.9454635875465948
C0019521,0.96803924483425,0.9615029978417122,0.9705607971421415
C0020550,0.9709905405742095,0.9652141100105757,1.0
C0032781,0.9733834050601684,0.972399252267205,1.0
C0476427,0.9913120962352416,0.9907492884134296,0.9783496381531335
C0005747,0.9617147549767616,0.9481889501409445,1.0
C0015408,0.9773913043478262,0.9762004748900945,1.0
C0001948,0.9714698490937125,0.9688804018679549,1.0
C0028754,0.9748928217120181,0.9692534639033956,1.0
C0026919,0.9738562091503268,0.9652482008453056,0.9121915985532765
C0392525,0.9706787158145066,0.9618754239117305,1.0
C0259817,0.9578150351541374,0.9339093642506963,0.9100418598889604
C0040586,0.9737406893069056,0.9680900871735112,0.9678450282984528
C0034150,0.9566818602193156,0.9455373605881018,0.9563804730979908
C0152128,0.9730025756925331,0.9682532611908038,1.0
C0040128,0.9819531118232417,0.9798267727800832,1.0
C0018801,0.9564763753574498,0.9440118401562955,0.9692489691851524
C0013146,0.9873315717471561,0.9863562909255111,1.0
C0151611,0.9689101136110493,0.963730956069921,1.0
C0037023,0.9742865636147443,0.9704906111498189,0.98
C0031542,0.9627233553576559,0.9465408827262971,0.9070037617141368
C0020433,0.9610197738840593,0.9492832232699447,0.9740476177098445
C0149725,0.9541862613115684,0.9324364455975878,0.9146157801626991
C0034186,0.9712635494215685,0.9672715207464359,1.0
C0039591,0.9816163718348943,0.9827899168719962,1.0
C0011880,0.9627635243040229,0.949139251399786,0.98
C0041952,0.968256248204539,0.9642774089290175,0.9527077791522252
C0027080,0.9543300491525051,0.9408184614242101,0.9619706863762846
C0018021,0.9706440722348474,0.9630498620479575,1.0
C0008049,0.9559911242603549,0.9543182957658147,0.8743396629083034
C0018965,0.9678157504765745,0.9614288537131332,1.0
C0018500,0.9937509525986892,0.994016699723441,1.0
C0003079,0.9530000000000001,0.9531554883369346,0.9692489691851524
C0085680,0.9701510948145963,0.9619898216744543,1.0
C0015256,0.9728199669890633,0.9571984746321197,0.9007451926249379
C0020502,0.9477420227149811,0.9494599006526113,1.0
C0014175,0.9907582440663726,0.9913692157114125,1.0
C0020514,0.9596792158609935,0.945081468736437,0.8829991699965428
C0004623,0.9682826111763886,0.9600422961433597,1.0
C0042384,0.9702710459183674,0.9623603842912847,0.9723800930423198
C0041912,0.9657480458762511,0.9531942968932068,0.9409572323670021
C0242528,0.9763287557705131,0.9719568093766577,1.0
C0039446,0.974719908072393,0.9740345324502921,0.9505689604074478
C0235896,0.9612522285056362,0.9497836043950878,1.0
C0015423,0.9862515698327715,0.9866253598333088,1.0
C0014356,0.9498009968087775,0.9450584365059512,1.0
C0021099,0.9711649365628603,0.9702390713333181,0.9041570619410697
C0042373,0.9709504437869823,0.963982012417513,1.0
C0011881,0.98499596999194,0.9835586651726085,1.0
C0040460,0.9852442625255824,0.9830940410207705,1.0
C0026846,0.9694009594748138,0.9614138627364172,0.9638321582377566
C0034067,0.9612664717862505,0.9385759553297851,0.8867569678550944
C0278008,0.9814082139981093,0.9833753439813292,1.0
C0149516,0.97639231824417,0.9699942143902508,0.9705607971421415
C0027059,0.9634878429867602,0.9405462701616172,0.920015893233411
C0276143,0.9719753086419753,0.9640581758342951,0.9409232150388671
C0085624,0.9703952506247597,0.9622176540746494,1.0
C0085606,0.9724016724313653,0.9688553184185094,1.0
C1527344,0.972184795390562,0.9620721220720749,1.0
C0281774,0.968690821865926,0.9750576393834355,1.0
C0025323,0.9695407407407408,0.9694187087381959,1.0
C0151436,0.957512489395796,0.9428948926950903,0.9394854310969026
C0271650,0.9721479751128681,0.9632721872512394,0.9629230673286656
C1510475,0.9595068357465886,0.9566221929327624,1.0
C0019917,0.9750501225217199,0.9749458034889473,0.9578704110999934
C0553723,0.9902040816326532,0.9903543506112236,1.0
C0037383,0.9614189733942489,0.9565280581032459,1.0
C0392699,0.9597715318869164,0.9595439550278415,1.0
C0973461,0.9662539021852238,0.961864911921126,1.0
C0042514,0.9703193810751836,0.9620446357176713,0.9655350567884813
C0239739,0.9802742511406466,0.9796312349145043,1.0
C0032326,0.9659498646169971,0.9526326139827324,0.939015893233411
C0011206,0.960855636914531,0.9436297727509858,1.0
C0019270,0.9740774091144959,0.9694188109108793,1.0
C0009319,0.9704576893332897,0.9633254367253491,1.0
C0004626,0.972963954945937,0.9669795759433715,1.0
C0008311,0.960195885216041,0.9554789216990281,0.973507077169304
C0025222,0.9501760537657974,0.9328885768081231,0.918435668815414
C0037052,0.9711796982167353,0.9653081704897465,1.0
C0017086,0.980630947231834,0.9786364582530974,1.0
C0011854,0.966689375739539,0.9561375012979704,1.0
C0020255,0.970529106695414,0.96461457763399,0.969915635851819
C1510431,0.9818896031017242,0.9845932310973372,1.0
C0740401,0.9737280658758946,0.9748593822034793,0.9729515216137484
C0152027,0.9631418048499685,0.9526971478062947,0.9770158656454478
C0151798,0.9520262593106931,0.9318210916534756,0.909607516454617
C0917798,0.9717797783933518,0.9623144485161873,1.0
C0018924,0.959091762056671,0.9552672708902522,0.9291163831442606
C0032308,0.9715065838728145,0.9672943260757746,1.0
C0014518,0.9662982840194903,0.9581381129658614,1.0
C0151514,0.955901670106962,0.9559843335046059,0.9378789145013541
C0007570,0.9820501730103807,0.9809973150230494,1.0
C0011603,0.9645167449068979,0.9604997938781378,1.0
C0009375,0.9639668367346939,0.9639256986725862,0.9266206548179476
C0085580,0.9847727272727272,0.9825869048019242,1.0
C0027707,0.9521519814196546,0.9341707478588831,0.9178688580398011
C0262627,0.9863045407198796,0.9857221690141924,1.0
C0041956,0.9644927978515625,0.9597228197331271,1.0
C0006826,0.9694469244018794,0.959973827353988,1.0
C0015544,0.9774560035642681,0.9771117136091079,1.0
C0002390,0.9579584120982987,0.9352712509642578,0.913607516454617
C0035305,0.9567619774937669,0.9356456028522566,0.9171810273519705
C0152029,0.9818865896264446,0.9792900337024734,1.0
C0006152,0.9768047337278106,0.9798900221323045,0.976550749366378
C0038012,0.955641760836566,0.964136255609043,0.9740476177098445
C0026267,0.9807028291378926,0.9777211667340997,1.0
C0021845,0.9579552979420541,0.9455195229106644,0.9588069436862261
C0028259,0.9671552684339496,0.960411115565925,1.0
C0017574,0.9716877473810386,0.9587591059684202,0.9440837473273193
C0031538,0.9617585848074922,0.9639006575885958,0.9509925597311232
C0024586,0.9610575711766187,0.9492911328502527,0.9770158656454478
C0267566,0.9624521683673469,0.9585509978515363,0.98
C0011884,0.979407389179092,0.977026876274603,1.0
C0025874,0.9718909357250453,0.9698474071404979,1.0
C0149531,0.972158043361572,0.9754886055880507,1.0
C0026986,0.9654978046754479,0.9579483541894979,0.9609706863762847
C0007780,0.94829604578564,0.9298160556910884,0.9151026472455505
C0023524,0.9702886962376904,0.9702082049186443,1.0
C0038525,0.9662276296566837,0.9588025583722078,1.0
C0034735,0.9690466798159105,0.9639020751367499,0.9795999999999999
C0149696,0.9509602194787379,0.9407039812889493,0.9281057431647668
C0151632,0.9621069193336165,0.9562452968413766,0.973507077169304
C0018621,0.9684075967859751,0.9618035953905176,0.9638321582377566
C0009088,0.9320075248589089,0.9068034436182154,0.8682330777976968
C0162834,0.9642445213379469,0.9448763698101927,0.920015893233411
C0024236,0.9642774699907665,0.9551153762212484,0.973507077169304
C0024050,0.9649668348228767,0.9589854418621816,1.0
C0009946,0.9782501235788432,0.9765575890974498,1.0
C0264906,0.9778475725884592,0.9775087035590574,1.0
C0023518,0.9693866449993116,0.9656316683760158,1.0
C0022602,0.981574074074074,0.9724850407615238,0.967104287557712
C0020473,0.9718199552878521,0.9640453902284328,0.967104287557712
C0018926,0.9637218858131488,0.955366901419302,1.0
C0085614,0.972495259208546,0.9676659256004189,1.0
C0014335,0.9649565822360793,0.9592415140896644,0.9745739334993182
C0686347,0.974275,0.9705979611821415,1.0
C0013595,0.9665046296296296,0.9614222454789942,1.0
C0001824,0.9545484321774829,0.9385185501083683,0.967104287557712
C1621958,0.967529296875,0.9674749475422073,0.9504325035382667
C0030299,0.9602508236794558,0.9429873048457993,0.9189225880457053
C0027813,0.9698485667928611,0.9535379552308396,0.9266825599000776
C0085635,0.9631739250820776,0.9566430771050354,0.9717918577482021
C0002878,0.9637724912450186,0.9589521666059071,0.9783496381531335
C0085602,0.9772755614506456,0.9759022236228365,1.0
C0036341,0.9664792387543253,0.9580378564556132,0.9750867540121387
C0018520,0.9777666179693206,0.9636247183482994,0.9276812010609464
C1456784,0.9769148662356735,0.9705279131957288,0.9795999999999999
C0235328,0.9757121986851717,0.9772663379995041,1.0
C0041755,0.9699438598968999,0.9573588557845124,0.9599180547973373
C0023418,0.9658913283131044,0.95201177837767,0.9112460580978932
C0029124,0.9606250000000001,0.9344073424501835,0.8868952042266501
C0015300,0.9416454081632653,0.9417845466165717,0.8560538461876732
C0023211,0.9675887062099464,0.9590453596481454,0.9426266800096872
C0220983,0.9717720248126501,0.9538447630403258,0.8912218516658761
C0002453,0.9871836260330578,0.985770562480788,1.0
C0151517,0.9692294802107226,0.9632136316533605,0.9779148555444378
C0013298,0.9663526397533132,0.9609652988778437,0.9787751700680271
C0014869,0.9761015816440186,0.9698438186334712,1.0
C0029134,0.9696795565170363,0.9626796364297963,0.9685593140127385
C0522055,0.9750661360522418,0.9719819434889487,1.0
C0032617,0.9782246915971787,0.9768797685271466,1.0
C0007860,0.9671550094517958,0.9779798819367367,1.0
C0015468,0.9829627073485864,0.979696414673285,1.0
C0016199,0.9715483128447561,0.9690681687056688,1.0
C0151636,0.9631275180915851,0.9537105593782235,1.0
C0019193,0.967650130013718,0.9580469050296503,0.9783496381531335
C0009193,0.9627066512879662,0.9786664996563548,0.94
C0037036,0.9634733113572613,0.9535005790456665,0.9745739334993182
C0019322,0.9659021183345509,0.9570452446109264,0.9491478669986373
C0017160,0.9751404013391696,0.9660570001410786,0.9316825599000776
C0005826,0.959460960937128,0.9488651890686285,0.9381458539306236
C0008312,0.9754361799816345,0.9654124867037833,0.9550471397646575
C0042420,0.9708037288989669,0.9697527154412845,1.0
C0022679,0.9669354431445164,0.955719813156629,0.973507077169304
C0042870,0.9855371900826446,0.9862980814526324,1.0
C0149520,0.9760539940828403,0.9701142450642353,0.9638321582377566
C0227791,0.9588264299802761,0.9537590663372904,0.9563804730979908
C0085583,0.9654016156073769,0.9560584914970698,0.9238329885455779
C0034888,0.9680020156210632,0.976073759492569,0.9791918367346938
C0037287,0.9828099302999452,0.982091696095428,1.0
C0178879,0.9695442134005461,0.9687346990171881,1.0
C0034155,0.9721966911764707,0.9688356891276032,1.0
C0034069,0.9581001119462659,0.9480268090134586,0.9740476177098445
C0040584,0.9717414818820984,0.9690956837764664,0.9561592527677388
C0039504,0.9935999999999999,0.9947524835827709,1.0
C0041296,0.9405757400999617,0.8930687597021092,0.7608376315561192
C0006267,0.9714059789817365,0.9631646381604541,0.9504134401309579
C0007820,0.9423769507803121,0.9318980226941757,0.9638321582377566
C0518988,0.9769574548668097,0.9699813877121558,1.0
C0156404,0.9714393439532473,0.9785997375890898,1.0
C0001623,0.9660145049755439,0.9525337073682548,0.9678450282984528
C0030353,0.9529431607353686,0.9421484910843704,0.9426165789995861
C0038363,0.9593195266272189,0.9490296986772061,0.9599180547973373
C0019557,0.9724763514169726,0.9598553572993987,0.9599180547973373
C0424230,0.9517144097222223,0.9343533844551,0.9176513954701648
C0006271,0.952392578125,0.9483100919081049,0.8786810823182811
C0034902,0.9644502825212151,0.9548814576081714,0.9655350567884813
C0036202,0.9700368530684185,0.9603395916686904,0.9638321582377566
C0030312,0.9599543696883266,0.949017082519049,1.0
C0031212,0.9746594764706846,0.966223987542834,0.976550749366378
C0031099,0.9806459566074951,0.98296836185538,1.0
C0005424,0.9861674050334621,0.9856972529942971,1.0
C0002064,0.9826446280991736,0.981141224393945,1.0
C0034880,0.9602325274144536,0.9479580841314301,0.9362879256107444
C0042798,0.96260662566951,0.9527863875277561,0.9403976895133416
C0151971,0.9697567389875082,0.9723260082127954,0.976550749366378
C0003044,0.9811293366236028,0.9801406188146919,0.9783496381531335
C0038002,0.9696819200000002,0.9626578897683021,1.0
C0005818,0.9765118503560422,0.9699260240701588,0.9685593140127385
C0007784,0.9524403808087473,0.937237003838785,0.9791918367346938
C0026821,0.9760396252248382,0.966566184326837,0.9750867540121387
C0699885,0.9795000762078951,0.9768998787798235,1.0
C0021390,0.9808254200146092,0.9755951699868389,0.969915635851819
C0030578,0.9533527696793002,0.9624292845568143,1.0
C0036396,0.9775727919945337,0.973686604577563,1.0
C1258666,0.9885714285714287,0.9873597670782792,0.9791918367346938
C0040590,0.9831795463283354,0.9877656295892885,1.0
C0042267,0.9849907793183525,0.9834564322601469,1.0
C0341163,0.9619984567901235,0.9322776338372595,0.8808346165361298
C1257843,0.9613004026200348,0.9634504147486481,0.9795999999999999
C0042025,0.9853009731367637,0.9811694786768451,1.0
C0271468,0.9900929736320683,0.9902332861381681,1.0
C0040997,0.965708600688201,0.9634631689027362,1.0
C0034359,0.9583718067097569,0.9582387676596659,1.0
C0027709,0.9678048504720448,0.9584728801954927,0.9663350567884812
C0267112,0.9752573325467337,0.9704673487695218,1.0
C0019151,0.9481555555555555,0.9311322833057524,0.934414460756243
C0740858,0.9737278106508876,0.9744724816087414,0.9663350567884812
C0155540,0.9745777777777778,0.9696264321155336,0.9480517709025412
C0085694,0.9600549940546969,0.9506760631286975,0.9678450282984528
C0497327,0.9632199981508875,0.9542027500397299,1.0
C0020490,0.9785123966942149,0.9749588164643561,0.9430610234440305
C0007177,0.9721107266435987,0.9666049687997276,1.0
C0022671,0.9874260749107572,0.9876665865042382,1.0
C0029163,0.9573301977040817,0.9448084169309015,0.9619706863762846
C0002726,0.9688208616780045,0.9630351820126737,0.9472725511542809
C0003869,0.9735601756198348,0.9710418989798284,1.0
C0001969,0.9651817485698841,0.9566549009056411,0.9599180547973373
C0042928,0.9738548198533319,0.974754037470251,0.9779148555444378
C0018818,0.9584775086505191,0.9648123097903535,1.0
C0033581,0.975749949955675,0.9689407588209892,0.9481678174140993
C0014394,0.9624846828164766,0.9646871393411613,0.9787751700680271
C0019572,0.9772237611572792,0.9677698821423288,0.9550471397646575
C0033246,0.9848017855244979,0.9832930086903903,0.98
C0020453,0.95918472519261,0.9462605200208826,0.9536185683360862
C0037195,0.9702777777777778,0.9548162321138163,0.9418730360905537
C0027531,0.9765488852833364,0.9668662804313018,1.0
C0042133,0.9808037577275065,0.9795346741907546,1.0
C0086438,0.9747623358985966,0.9707597861021522,0.9547874559950599
C0027822,0.9675925925925926,0.9538662171015035,0.9053564895699389
C0027726,0.9536335059171597,0.946992192883213,0.9787751700680271
C0009144,0.9824527007156161,0.9812624948336405,1.0
C0038379,0.9516,0.9159053971349301,0.8434152884464418
C0012691,0.9775523621677468,0.9733846062390945,1.0
C0040046,0.9774943521404672,0.9722075679025736,1.0
C0025289,0.9751148910203848,0.9656315529870971,0.9550471397646575
C0003635,0.9927930056710775,0.9922727228608861,1.0
C0149721,0.9651014606411136,0.9526922594881687,0.9647017234551478
C0024312,0.975740941995616,0.9740746950615377,1.0
C0001430,0.9817910008822665,0.9791707884385872,1.0
C0024523,0.9676240866717056,0.9508311011900765,0.9280154681010957
C0149736,0.9816345270890725,0.9705629433712955,0.9520801067976246
C0014038,0.9656913785922532,0.9601910707340682,1.0
C0019163,0.9613888888888888,0.9394505785982175,0.8956772727265951
C0003615,0.977747931992308,0.9739654510417189,1.0
C0019189,0.9945557655954632,0.9949746684227722,1.0
C0519030,0.9801234567901236,0.9765700704911269,0.9740476177098445
C0040136,0.9727547666009204,0.9762478374617369,1.0
C0032310,0.988236884802596,0.989304493906441,1.0
C0085662,0.9581758034026465,0.9248037773472655,0.8804127388477757
C0152021,0.9665642722117203,0.9676253878773332,0.9791918367346938
C0019825,0.9724885215794307,0.965545663784956,0.9599180547973373
C0040261,0.9840976331360947,0.9838022902539593,1.0
C0018991,0.9718130722254954,0.9675422758245442,1.0
C0019159,0.9635796045785641,0.9643226660947373,0.9299803753509716
C0162298,0.973100575282682,0.9659819386631926,1.0
C0018916,0.9679119581716984,0.9683826453325941,0.9774704110999933
C0032768,0.9830822321353422,0.9810449330004921,1.0
C0039483,0.9928833792470155,0.9924550665118373,0.9795999999999999
C0205929,0.9712901701323252,0.9719739708511715,0.9779148555444378
C0014009,0.9687583982800322,0.9487427288946888,0.9156907231653839
C0030583,0.9746712802768166,0.9730169853145928,0.9755867540121388
C0574960,0.9885324430251125,0.9768703541626156,0.9536185683360862
C0019655,0.9716355473931231,0.9746354051142255,1.0
C0014866,0.9633787991754749,0.9600509802942745,0.9750867540121387
C0038131,0.9796,0.9827726710365533,1.0
C0032633,0.9834183673469388,0.9836177804527934,0.9552752608731087
C0014488,0.9971520113919545,0.9972718449963848,1.0
C0029400,0.9783886343653106,0.9772459589697465,1.0
C0699791,0.9721726485557538,0.9755914854374732,1.0
C0085652,0.9538703055186573,0.9592217526058864,0.9770158656454478
C1384606,0.9880555555555556,0.9887650901935032,1.0
C0025202,0.9625873242993015,0.9534057984636396,0.9655350567884813
C0007868,0.981274495572652,0.9787596239982258,0.9791918367346938
C0016807,0.9799791883454734,0.9731815214999643,0.9655350567884813
C0699744,0.97275937314025,0.9610273108693673,0.9418730360905537
C0001546,0.9727197001249479,0.9766282544905998,1.0
C0039520,0.9587881488081977,0.9488519128133849,0.946595258312776
C0085681,0.96026611328125,0.9441812760011518,0.9341928368662278
C0013405,0.9707377504378657,0.9747675308027732,1.0
C0006384,0.9621507828604009,0.9475541226132305,0.9209353998587908
C0262397,0.9850617638609596,0.9862904517390451,1.0
C0006105,0.9632747858905502,0.9656026636477216,0.9787751700680271
C0302592,0.9589072543617999,0.9735182800285475,1.0
C0023903,0.9763504434291856,0.9762099183713238,1.0
C0080194,0.975287248485116,0.9681906012684507,0.9745739334993182
C0162316,0.9716055554687621,0.9555819447700136,0.8978254840632676
C0029925,0.9783660306369255,0.976435707984657,1.0
C0267716,0.9822485207100591,0.9815181219434982,1.0
C0152018,0.9341373639282637,0.9395123310806826,0.9795999999999999
C0035302,0.9663988312636962,0.9625776350299037,0.9157362832530751
C0003874,0.9627470035633301,0.9638509787575037,1.0
C0032776,0.9736862714386405,0.9628787958723867,0.9599180547973373
C0006107,0.970911616064195,0.9693539824065767,1.0
C0034886,0.9843335820066348,0.9839612292807854,1.0
C0262613,0.9885099114952642,0.9874996279697976,1.0
C0149678,0.9487368986831496,0.9329076000468237,0.9183025248542471
C0016034,0.9931975980484143,0.9928373081355714,1.0
C0022568,0.9638976912630149,0.9619493962571566,0.9723800930423198
C0235974,0.9777828028718412,0.976060933778601,1.0
C0037578,0.9829585798816569,0.9798055447694414,0.9678450282984528
C0030326,0.9919563343866704,0.9923683585476242,1.0
C0007280,0.9802431066011689,0.9751410701450076,1.0
C0242301,0.9676607062019014,0.9625851587463106,0.9779148555444378
C0010032,0.9768956101659315,0.9767391326326359,0.9760745588901876
C0152459,0.9663988312636962,0.9550645449313183,0.9520801067976246
C0152013,0.9589116143170198,0.9651214020362473,0.967104287557712
C0699790,0.9627750026570305,0.9493785616668236,0.9468921070369949
C0001126,0.9694762400277488,0.9694365010865633,1.0
C1261473,0.9653979238754326,0.974723984556343,0.9122816935877889
C0016479,0.9647337278106509,0.960882614947422,0.9442600133430206
C0026975,0.9793771626297577,0.9737918565936308,0.949970217903971
C0221166,0.9761681366109964,0.9736012100471506,0.9723800930423198
C0003564,0.9633058984910837,0.9503917248604103,0.9638321582377566
C0037995,0.9540761836952653,0.9421315548739126,0.8607364384565582
C0242172,0.9671797193300137,0.9736125483044291,1.0
C0033893,0.9871504157218443,0.9859520903777982,1.0
C0021345,0.9760000000000001,0.9722107515488603,0.9711857971421415
C0020162,0.9681068659882326,0.9632975887585575,1.0
C0079035,0.9365010044545374,0.9023555680959229,0.8276671098388387
C0178282,0.9689520661157025,0.9562481097409585,0.946595258312776
C0024205,0.9788430831760777,0.9777489052763337,1.0
C0036508,0.9847258979206048,0.9825799327672037,0.9783496381531335
C0314719,0.9621536208424866,0.9488488583474552,0.9550471397646575
C0024282,0.9892879647132955,0.9887436502840189,0.9791918367346938
C0007462,0.9854318418314256,0.9849383076410793,1.0
C0262578,0.9699555555555555,0.9546849944496024,0.9040914375322174
C0016242,0.9663737792780025,0.9529943960419688,0.9655350567884813
C0003708,0.9918203450327187,0.9921077473632088,1.0
C0010055,0.9741082028379219,0.9699941892807471,1.0
C0282005,0.9378270236995998,0.9411642940753138,0.8799461702809181
C0149756,0.9733164468512534,0.9524656716659423,0.9072821344250377
C0013390,0.9621296502561818,0.9641676019207251,0.9655350567884813
C0042961,0.9533976124885215,0.9526642694123149,0.9321766448087496
C0014733,0.9638203017832647,0.9589762082664159,0.9477481609103785
C0149741,0.990487514863258,0.9889836333835798,0.9544476177098445
C0009326,0.9746251441753172,0.9719217842589187,0.9032381373312329
C0600327,0.9747229916897506,0.9703429229171966,0.9663350567884812
C0032305,0.9475976193932356,0.9220206405572038,0.8442241040999814
C0149778,0.9816,0.9821107349295166,1.0
C0002884,0.9296424452133795,0.9288110136814575,0.8532337431380012
C0238154,0.9387682449270203,0.9294245680098099,0.8162242847582617
C0042907,0.9374081075404327,0.9288314266837359,0.8763138455538113
C0003126,0.9745283482764837,0.9679635190168092,0.9711857971421415
C0020565,0.9690847872666055,0.9606302952594623,0.9550471397646575
C0004095,0.9895299621296503,0.989607208428293,0.9795999999999999
C0009324,0.9666170046210955,0.952807828682382,0.9238355403133867
C0318712,0.9698199062525698,0.9605780643519025,1.0
C0034372,0.9783673469387755,0.9732245557199186,0.94531480793338
C0033038,0.9495918367346939,0.9412648240624643,0.9105258701680278
C0028077,0.9672507900028727,0.970211784751587,0.9379155575273589
C0259749,0.9633777777777779,0.9628263581879011,0.9588069436862261
C0002736,0.984375,0.9850664469437839,1.0
C0015806,0.9653979238754326,0.9400158057835422,0.8971905166255535
C0178428,0.9598823776517538,0.9559566138433695,0.9416468875394159
C0040456,0.9902681660899654,0.9896936993248469,0.9783496381531335
C0085655,0.9638828017206396,0.9388331456162877,0.902769313912217
C0024198,0.9722222222222223,0.9736849153450629,0.9791918367346938
C0013274,0.9309405543983336,0.9029570112228208,0.8761306469006263
C0040485,0.9709141274238228,0.965652111285698,0.9655350567884813
C0282488,0.97382375220941,0.9721994597027954,1.0
C0022575,0.9757851239669422,0.973395932234703,0.9760745588901876
C0026896,0.9457052571100258,0.9441107113389451,0.9638321582377566
C0241353,0.9799382716049383,0.9788504579652982,0.9774704110999933
C0750876,0.9821890261419133,0.981686001504243,0.9723800930423198
C0235660,0.996494436823655,0.9966909001660054,1.0
C0019212,0.9689487303188457,0.9611746345807605,0.976550749366378
C0274435,0.9661735133582303,0.9674943770654643,1.0
C0003868,0.9917100648315443,0.9902224241407335,0.98
C0026948,0.9432948132222521,0.9486596642102223,0.9296802226016143
C0032273,0.9804200783196868,0.9758647198918938,0.9426165789995861
C0009410,0.9792899408284024,0.9725411381073323,0.9434385860369967
C0033845,0.967529296875,0.9444432595906581,0.9114138115876745
C0156369,0.979170004806922,0.9766156021420513,0.9760745588901876
C0020258,0.9707840236686391,0.9698954620645966,0.9224498923057919
C0332687,0.976218586608197,0.9781684549618487,0.9787751700680271
C0079102,0.983611111111111,0.987677506563337,1.0
C0270629,0.9610260770975058,0.9688873221621958,1.0
C0016412,0.9787691480784735,0.9776864251729327,0.9506099814780815
C0003611,0.9824871124920557,0.9751211211522915,0.9647017234551478
C0152169,0.9833531510107015,0.9843491227012036,0.9791918367346938
C0040259,0.9662674987350313,0.9512274278706947,0.9206011594742768
C0036830,0.9838487135784433,0.9827156970181775,1.0
C0011633,0.9717993911232174,0.9665850393588676,0.9638321582377566
C0019284,0.9701189832341806,0.967956054157582,0.9760745588901876
C0265031,0.9689561925365062,0.9487868064588904,0.920015893233411
C0262414,0.9671556122448979,0.9687062718528459,0.9117286197894598
C1510471,0.9901147959183674,0.9899113827315615,0.9575503401360546
C0243010,0.9818213296398891,0.9799958361538843,0.9783496381531335
C0190211,0.9586776859504132,0.9682957391149457,0.9770158656454478
C0042164,0.9553812871822607,0.9553368479845088,0.9539995154447268
C0011630,0.9783838841104573,0.9785335350578945,1.0
C0040425,0.9786893126101587,0.9767403414652153,0.9750867540121387
C0007078,0.9953863898500577,0.9953089190881821,0.9575233589457985
C0020619,0.9724150872583974,0.9731052042754642,1.0
C0019294,0.9581660919215331,0.9580079539947018,1.0
C1527407,0.9700443786982249,0.9668566834086323,0.8989506455285243
C0003872,0.9851721938775511,0.982420056395972,1.0
C0005687,0.9533976124885216,0.9630156821177086,0.9327725742643839
C0038220,0.9621446780515884,0.9579107921902212,1.0
C0015645,0.9733001067995728,0.9707141675080899,0.9221491983436368
C0001818,0.9730231866825209,0.9647153284596752,0.9638321582377566
C0026780,0.9855555555555555,0.9854049551330367,0.9774704110999933
C0029936,0.9681069958847737,0.9806844390177722,1.0
C0025160,0.9718858131487889,0.9714141206802078,0.9515807950252408
C0038833,0.968505859375,0.9715197894745201,0.9750867540121387
C0035220,0.9696270665128797,0.9718912961434973,0.9099328855920784
C0085786,0.9671005917159764,0.9713780981769163,0.9505762785100316
C0006012,0.9969135802469136,0.9970231766284396,1.0
C0155773,0.9716455209534794,0.9726957122986747,1.0
C0004690,0.9859467455621302,0.9898977995910481,0.98
C0023885,0.9698369309077197,0.9620471651567487,0.9619706863762846
C0262365,0.9841820987654321,0.9833320149104646,0.9783496381531335
C0038019,0.9857041587901701,0.9836562340802514,1.0
C0158986,0.9587459872959498,0.9545902426259498,0.9501343717219839
C0085166,0.9572801708793165,0.9544591474526252,0.872552481978964
C0016665,0.991111111111111,0.9909661646892812,0.9783496381531335
C0006846,0.9864724245577523,0.9894012655322819,1.0
C0025637,0.992973372781065,0.9932821892968235,0.9783496381531335
C0426636,0.9868643272659035,0.9882426319252419,1.0
C0027430,0.9886118805786396,0.9884759170710429,0.9583578014184397
